30
0.1 0.1 1000.0 1000.0 
0.1 1000.0 1000.0 1000.0 
1000.0 0.1 1000.0 1000.0 
1000.0 1000.0 1000.0 1000.0 
0.1 0.1 1000.0 1000.0 
0.1 1000.0 999.9 999.9 
1000.0 0.1 999.9 999.9 
1000.0 1000.0 999.9 999.9 
0.1 0.1 997.7 997.7 
0.1 1000.0 999.7 999.7 
1000.0 0.1 999.7 999.7 
1000.0 1000.0 999.7 999.7 
0.1 0.1 993.9 993.9 
0.1 1000.0 993.9 993.9 
1000.0 0.1 993.9 993.9 
1000.0 1000.0 993.9 993.9 
0.1 0.1 996.9 996.9 
0.1 1000.0 996.9 996.9 
1000.0 0.1 996.9 996.9 
1000.0 1000.0 996.9 996.9 
0.1 0.1 983.9 983.9 
0.1 1000.0 983.9 983.9 
1000.0 0.1 983.9 983.9 
1000.0 1000.0 983.9 983.9 
0.1 0.1 979.9 979.9 
0.1 1000.0 979.9 979.9 
0.1 0.1 1000.0 1000.0 
0.1 1000.0 1000.0 1000.0 
1000.0 0.1 1000.0 1000.0 
1000.0 1000.0 1000.0 1000.0 
